set i := 
1 
2 
3 
4 
5 
6 
7;
 
set j := 1 2 3 4 5 6 7; 

      
param C:=
    1 2  346
   	1 5	 416.3
	2 3	 118
    3 4  111
    4 5  85.3
    5 6  86.3
    5 7  82.8
    6 7  6.5  ;

    
param M:= 45.48;

param alpha := 
        1 5.22 
        2 11.42 
        3 7.68 
        4 8.48 
        5 7.68 
        6 2.6 
        7 2.4 ;

param beta := 
        1 5.22 
        2 11.42 
        3 7.68 
        4 8.48 
        5 7.68 
        6 2.6 
        7 2.4 ;