set s:=
1
2
3
4
5
6
7
8
9
10
11
12
13
14
15
16
17
18
19
20
21
22
23
24
25
26
27
28
29
30
31
32
33
34
35
36
37
38
39
40
41
42
43
44
45
46
47
48
49
50
51
52
53
54
55
56
57
58
59
60
61
62
63
64
65
66
67
68
69
70
71
72
73
74
75
76
77
78
79
80
81
82;

set r:= 1 2 3;

set m:= 1 2 3 4;

param U1:= 10;

param U2:= 250;

param A:=
1		1		0.716589539
2		1		0.769877997
3		1		0.745477493
4		1		0.732015145
5		1		0.72570467
6		1		0.72822886
7		1		0.709858365
8		1		0.681531342
9		1		0.705230683
10		1		0.699621371
11		1		0.665965503
12		1		0.659935493
13		1		0.687000421
14		1		0.70859627
15		1		0.688683214
16		1		0.709718132
17		1		0.698359276
18		1		0.662038985
19		1		0.69148787
20		1		0.752348899
21		1		0.795119899
22		1		0.776328706
23		1		0.801991306
24		1		0.734399103
25		1		0.781236853
26		1		0.758238676
27		1		0.757537512
28		1		0.719394194
29		1		0.779133361
30		1		0.747160286
31		1		0.821623896
32		1		0.818118076
33		1		0.785303604
34		1		0.853316505
35		1		0.860328145
36		1		0.861169541
37		1		0.856121161
38		1		0.852615341
39		1		0.892020754
40		1		0.974758098
41		1		0.959612958
42		1		0.940681531
43		1		0.954564577
44		1		0.905623335
45		1		0.874772122
46		1		0.83340345
47		1		0.836067873
48		1		0.88374702
49		1		0.882905623
50		1		0.814892722
51		1		0.82386762
52		1		0.920768476
53		1		0.966203898
54		1		0.853456738
55		1		0.848127892
56		1		0.838872528
57		1		0.837750666
58		1		0.92904221
59		1		0.937876876
60		1		0.908988922
61		1		0.950217361
62		1		0.950778292
63		1		0.920908708
64		1		0.952601318
65		1		0.935913617
66		1		0.93002384
67		1		0.918524751
68		1		0.921329407
69		1		0.930725004
70		1		1
71		1		0.629785444
72		1		0.629224513
73		1		0.566961156
74		1		0.56668069
75		1		0
76		1		0.018230262
77		1		0.180619829
78		1		0.888655168
79		1		0.84953022
80		1		0.825971112
81		1		0.83087926
82		1		0.813630627
1		2		0.159851301
2		2		0.111524164
3		2		0.13197026
4		2		0.165427509
5		2		0.146840149
6		2		0.197026022
7		2		0.108736059
8		2		0.139405204
9		2		0.080855019
10		2		0.081784387
11		2		0
12		2		0
13		2		0.121747212
14		2		0.155204461
15		2		0.168215613
16		2		0.266728625
17		2		0.110594796
18		2		0.039033457
19		2		0.129182156
20		2		0.118959108
21		2		0.1133829
22		2		0.105018587
23		2		0.138475836
24		2		0.195167286
25		2		0.212825279
26		2		0.289033457
27		2		0.288104089
28		2		0.267657993
29		2		0.137546468
30		2		0.080855019
31		2		0.081784387
32		2		0.039033457
33		2		0.011152416
34		2		0.00929368
35		2		0.00464684
36		2		0.00464684
37		2		0.039033457
38		2		0.060408922
39		2		0.045539033
40		2		0
41		2		0
42		2		0.319702602
43		2		0.373605948
44		2		0.639405204
45		2		0.214684015
46		2		0.277881041
47		2		0.022304833
48		2		0
49		2		0
50		2		0
51		2		0
52		2		0
53		2		0
54		2		0.093866171
55		2		0.05669145
56		2		0.152416357
57		2		0.260223048
58		2		0.431226766
59		2		0.330855019
60		2		0.233271375
61		2		0.118959108
62		2		0.118959108
63		2		0.203531599
64		2		0.04739777
65		2		0.008364312
66		2		0.00464684
67		2		0.005576208
68		2		0.00464684
69		2		0
70		2		0
71		2		0
72		2		0
73		2		0.463754647
74		2		0.346654275
75		2		1
76		2		0.742565056
77		2		0.470260223
78		2		0.171003717
79		2		0.208178439
80		2		0.148698885
81		2		0.321561338
82		2		0.330855019
1		3		0.583333333
2		3		0.541666667
3		3		0.625
4		3		0.625
5		3		0.583333333
6		3		0.666666667
7		3		0.583333333
8		3		0.75
9		3		0.708333333
10		3		0.708333333
11		3		0.666666667
12		3		0.75
13		3		0.75
14		3		0.75
15		3		0.791666667
16		3		0.833333333
17		3		0.833333333
18		3		0.791666667
19		3		0.791666667
20		3		0.916666667
21		3		0.916666667
22		3		0.875
23		3		0.916666667
24		3		0.916666667
25		3		0.875
26		3		0.916666667
27		3		0.958333333
28		3		1
29		3		0.916666667
30		3		0.833333333
31		3		0.791666667
32		3		0.833333333
33		3		0.791666667
34		3		0.833333333
35		3		0.791666667
36		3		0.833333333
37		3		0.833333333
38		3		0.791666667
39		3		0.583333333
40		3		0.583333333
41		3		0.625
42		3		0.625
43		3		0.625
44		3		0.625
45		3		0.5
46		3		0.5
47		3		0.416666667
48		3		0.541666667
49		3		0.5
50		3		0.333333333
51		3		0.291666667
52		3		0.625
53		3		0.708333333
54		3		0.708333333
55		3		0.625
56		3		0.708333333
57		3		0.833333333
58		3		0.833333333
59		3		0.833333333
60		3		0.833333333
61		3		0.625
62		3		0.666666667
63		3		0.666666667
64		3		0.666666667
65		3		0.625
66		3		0.5
67		3		0.583333333
68		3		0.625
69		3		0.625
70		3		0.625
71		3		0
72		3		0.083333333
73		3		0.083333333
74		3		0.166666667
75		3		0.041666667
76		3		0
77		3		0.291666667
78		3		0.625
79		3		0.583333333
80		3		0.5
81		3		0.5
82		3		0.416666667
1		4		0.413136312
2		4		0.343273715
3		4		0.373041256
4		4		0.413216717
5		4		0.386120392
6		4		0.429351225
7		4		0.341549485
8		4		0.312889739
9		4		0.323896225
10		4		0.338083156
11		4		0.361159255
12		4		0.353949649
13		4		0.311245913
14		4		0.385575428
15		4		0.359613701
16		4		0.312451981
17		4		0.338288634
18		4		0.368145514
19		4		0.277895903
20		4		0.325799132
21		4		0.303929101
22		4		0.330319653
23		4		0.190782068
24		4		0.310915361
25		4		0.406918363
26		4		0.089508103
27		4		0
28		4		0.00752229
29		4		0.095109618
30		4		0.08815016
31		4		0.183215109
32		4		0.224069541
33		4		0.30716315
34		4		0.43744528
35		4		0.488859506
36		4		0.490860686
37		4		0.518859328
38		4		0.519314953
39		4		0.468240213
40		4		0.478147837
41		4		0.464479068
42		4		0.360480283
43		4		0.418174996
44		4		0.445449997
45		4		0.518091018
46		4		0.547608412
47		4		0.549520253
48		4		0.469482016
49		4		0.596842782
50		4		0.720978434
51		4		0.673530831
52		4		0.620115425
53		4		0.55100327
54		4		0.231958118
55		4		0.169376597
56		4		0.124805689
57		4		0.197607519
58		4		0.336850287
59		4		0.189879751
60		4		0.309378741
61		4		0.314533564
62		4		0.361060982
63		4		0.422481105
64		4		0.315069595
65		4		0.230073079
66		4		0.055380849
67		4		0.07885897
68		4		0.146729323
69		4		0.198643844
70		4		0.422070148
71		4		0.868056176
72		4		1
73		4		0.842809155
74		4		0.787124556
75		4		0.867430807
76		4		0.709730734
77		4		0.370414709
78		4		0.400083978
79		4		0.443270141
80		4		0.412233995
81		4		0.252300463
82		4		0.265862026
;

param Y:=

1		92.19
2		92.74
3		91.88
4		92.8
5		92.56
6		92.61
7		92.33
8		92.22
9		91.56
10		92.17
11		92.75
12		92.89
13		92.79
14		92.55
15		92.42
16		92.43
17		92.77
18		92.6
19		92.3
20		92.3
21		92.48
22		91.61
23		91.3
24		91.37
25		91.25
26		90.76
27		90.9
28		90.43
29		90.83
30		92.18
31		91.73
32		91.1
33		91.74
34		91.46
35		91.44
36		91.56
37		91.9
38		91.61
39		92.09
40		90.64
41		91.09
42		90.51
43		90.24
44		91.01
45		91.9
46		91.92
47		92.16
48		91.36
49		92.16
50		92.68
51		92.88
52		92.59
53		91.35
54		90.29
55		90.71
56		90.41
57		90.43
58		89.87
59		89.98
60		90
61		89.66
62		90.08
63		90.67
64		90.59
65		91.06
66		90.69
67		91.11
68		90.32
69		90.36
70		90.57
71		94.17
72		94.39
73		93.42
74		94.65
75		97.61
76		97.08
77		95.12
78		91.86
79		91.61
80		92.17
81		91.56
82		92.16
;

